R0 = 13.0414757479 +0.40866907539 -0.358232921613
            T0 = 2.66252477415 +0.0134746830879 -0.014955451192
            gep = 111.98085559 +44.5241868716 -17.4148220941
            gk = 3.46064593019e-05 +1.42774640154e-06 -1.80007101632e-06
            gglue = 8.0176791884e-13 +2.67083985227e-13 -3.28718742236e-13
            eps = 0.211541642633 +0.00044044090383 -0.00045334330141
            taup = 0.00463498345531 +2.71628043781e-05 -2.80254957053e-05